55 121 247 130 222 278 394 261 449 278 479 211 24 278 510 510 510 510 510 510 510 510 
471 88 247 79 211 316 42 30 198 435 278 510 510 510 510 510 510 510 510 510 510 510 
394 261 197 278 129 189 278 361 353 491 247 89 278 510 510 510 510 510 510 510 510 510 
28 30 436 362 251 50 278 50 8 70 495 507 422 510 510 510 510 510 510 510 510 510 
66 125 351 436 295 278 434 261 402 278 66 89 8 70 495 287 510 510 510 510 510 510 
437 172 278 211 158 433 422 434 510 510 510 510 510 510 510 510 510 510 510 510 510 510 
510 510 510 510 510 510 510 510 510 510 510 510 510 510 510 510 510 510 510 510 510 510 
463 278 18 261 232 283 263 13 120 178 270 278 510 510 510 510 510 510 510 510 510 510 
211 237 138 40 163 484 292 202 121 120 25 422 510 510 510 510 510 510 510 510 510 510 
335 261 83 120 356 223 350 214 261 466 332 502 432 510 510 510 510 510 510 510 510 510 
377 70 94 412 30 147 454 398 120 404 64 510 510 510 510 510 510 510 510 510 510 510 
398 120 333 211 184 58 309 120 291 212 64 510 510 510 510 510 510 510 510 510 510 510 
303 107 398 128 422 510 510 510 510 510 510 510 510 510 510 510 510 510 510 510 510 510 
510 510 510 510 510 510 510 510 510 510 510 510 510 510 510 510 510 510 510 510 510 510 
211 120 112 278 290 278 72 126 30 237 445 266 510 510 510 510 510 510 510 510 510 510 
52 44 6 328 209 372 492 282 482 242 223 510 510 510 510 510 510 510 510 510 510 510 
108 462 343 278 502 201 120 78 30 70 395 278 261 195 414 278 510 510 510 510 510 510 
66 125 351 436 295 95 453 8 70 495 287 510 510 510 510 510 510 510 510 510 510 510 
436 325 295 95 453 8 70 495 507 223 350 510 510 510 510 510 510 510 510 510 510 510 
172 283 351 278 211 158 433 422 434 510 510 510 510 510 510 510 510 510 510 510 510 510 
510 510 510 510 510 510 510 510 510 510 510 510 510 510 510 510 510 510 510 510 510 510 
360 70 386 35 393 223 173 186 199 253 278 510 510 510 510 510 510 510 510 510 510 510 
66 114 278 434 469 261 278 66 240 319 278 54 452 447 261 231 223 510 510 510 510 510 
46 120 347 351 261 263 189 278 211 108 251 93 491 50 278 510 510 510 510 510 510 510 
211 108 23 93 491 89 278 89 8 70 495 507 278 510 510 510 510 510 510 510 510 510 
462 261 111 263 324 261 385 93 434 350 107 261 470 293 120 507 223 350 510 510 510 510 
284 353 278 211 158 433 422 510 510 510 510 510 510 510 510 510 510 510 510 510 510 510 
510 510 510 510 510 510 510 510 510 510 510 510 510 510 510 510 510 510 510 510 510 510 
406 145 462 284 294 278 382 261 195 353 489 278 140 278 510 510 510 510 510 510 510 510 
448 278 275 410 199 264 339 304 502 430 242 223 510 510 510 510 510 510 510 510 510 510 
46 120 468 263 409 278 211 120 179 439 199 45 278 510 510 510 510 510 510 510 510 510 
211 120 437 182 353 165 263 120 239 182 278 66 33 136 434 510 510 510 510 510 510 510 
172 261 239 278 211 440 238 301 166 120 182 278 66 33 257 66 350 510 510 510 510 510 
71 172 278 211 158 433 422 510 510 510 510 510 510 510 510 510 510 510 510 510 510 510 
510 510 510 510 510 510 510 510 510 510 510 510 510 510 510 510 510 510 510 510 510 510 
166 145 120 495 20 278 321 70 386 235 328 159 278 510 510 510 510 510 510 510 510 510 
62 277 261 385 247 89 105 77 205 242 422 510 510 510 510 510 510 510 510 510 510 510 
66 403 278 434 469 261 278 66 403 462 351 281 8 70 411 142 90 510 510 510 510 510 
21 328 366 278 186 278 500 206 351 278 211 172 322 354 510 510 510 510 510 510 510 510 
21 70 395 391 201 247 57 211 172 322 285 223 350 510 510 510 510 510 510 510 510 510 
125 351 120 493 211 158 433 257 434 510 510 510 510 510 510 510 510 510 510 510 510 510 
510 510 510 510 510 510 510 510 510 510 510 510 510 510 510 510 510 510 510 510 510 510 
2 107 261 274 120 473 278 367 278 209 88 247 84 211 123 278 510 510 510 510 510 510 
13 353 230 247 314 59 30 120 259 127 30 91 223 510 510 510 510 510 510 510 510 510 
496 120 419 7 135 380 223 496 247 475 254 240 349 380 223 510 510 510 510 510 510 510 
46 278 209 429 30 499 240 438 278 153 106 70 495 287 510 510 510 510 510 510 510 510 
153 121 247 268 30 67 286 106 70 495 287 510 510 510 510 510 510 510 510 510 510 510 
153 278 211 481 278 211 158 433 422 510 510 510 510 510 510 510 510 510 510 510 510 510 
510 510 510 510 510 510 510 510 510 510 510 510 510 510 510 510 510 510 510 510 510 510 
186 172 14 318 102 70 290 245 145 340 278 510 510 510 510 510 510 510 510 510 510 510 
262 120 330 211 244 174 30 120 329 283 19 422 510 510 510 510 510 510 510 510 510 510 
66 74 407 180 391 150 211 423 278 26 278 434 261 469 278 66 81 324 199 203 278 510 
337 381 211 384 59 148 377 120 455 170 510 510 510 510 510 510 510 510 510 510 510 510 
334 328 500 407 497 212 351 226 120 115 323 34 210 257 434 510 510 510 510 510 510 510 
505 120 59 278 66 348 422 434 510 510 510 510 510 510 510 510 510 510 510 510 510 510 
193 261 345 172 390 459 502 298 143 108 425 278 510 510 510 510 510 510 510 510 510 510 
74 292 213 498 161 498 408 485 223 510 510 510 510 510 510 510 510 510 510 510 510 510 
398 478 331 496 358 119 462 199 103 101 352 510 510 510 510 510 510 510 510 510 510 510 
339 299 263 217 209 200 318 106 371 495 287 510 510 510 510 510 510 510 510 510 510 510 
318 240 168 121 120 75 268 106 371 495 507 278 510 510 510 510 510 510 510 510 510 510 
209 467 212 28 66 348 422 434 510 510 510 510 510 510 510 510 510 510 510 510 510 510 
46 120 59 278 415 317 226 120 444 268 278 162 437 510 510 510 510 510 510 510 510 510 
462 362 182 278 28 243 371 386 13 462 362 182 380 124 177 422 510 510 510 510 510 510 
158 383 186 380 248 496 247 5 186 380 171 510 510 510 510 510 510 510 510 510 510 510 
413 261 326 433 205 402 278 66 37 117 241 82 3 510 510 510 510 510 510 510 510 510 
226 120 356 380 397 442 328 278 28 70 187 241 82 242 422 434 510 510 510 510 510 510 
186 120 318 469 278 66 348 422 434 510 510 510 510 510 510 510 510 510 510 510 510 510 
131 8 120 179 208 262 336 108 118 165 278 510 510 510 510 510 510 510 510 510 510 510 
66 100 278 434 469 261 278 66 500 283 99 351 292 437 494 211 151 278 510 510 510 510 
399 377 436 134 181 309 156 32 510 510 510 510 510 510 510 510 510 510 510 510 510 510 
141 56 211 141 87 413 371 456 362 276 487 510 510 510 510 510 510 510 510 510 510 510 
413 120 0 30 371 221 462 363 276 485 510 510 510 510 510 510 510 510 510 510 510 510 
30 16 348 29 422 434 510 510 510 510 510 510 510 510 510 510 510 510 510 510 510 510 
46 120 59 201 102 321 70 245 145 340 278 510 510 510 510 510 510 510 510 510 510 510 
144 261 176 247 86 41 13 218 30 318 278 211 268 211 507 223 510 510 510 510 510 510 
186 121 120 365 22 278 261 97 149 502 426 510 510 510 510 510 510 510 510 510 510 510 
245 175 245 278 113 500 172 508 318 30 305 510 510 510 510 510 510 510 510 510 510 510 
500 172 381 278 390 278 337 278 132 211 508 318 30 91 510 510 510 510 510 510 510 510 
480 13 327 66 348 422 434 510 510 510 510 510 510 510 510 510 510 510 510 510 510 510 
172 261 481 110 13 146 278 46 199 228 188 510 510 510 510 510 510 510 510 510 510 510 
502 120 459 375 418 160 343 374 145 70 157 323 65 223 510 510 510 510 510 510 510 510 
172 211 433 261 481 379 278 209 70 4 8 80 194 510 510 510 510 510 510 510 510 510 
226 120 76 323 365 503 462 120 311 315 376 278 510 510 510 510 510 510 510 510 510 510 
46 375 365 39 503 209 120 311 341 376 278 510 510 510 510 510 510 510 510 510 510 510 
252 246 68 278 463 278 348 257 510 510 510 510 510 510 510 510 510 510 510 510 510 510 
186 133 120 69 35 47 278 416 377 440 312 164 510 510 510 510 510 510 510 510 510 510 
296 262 17 375 357 501 226 120 234 25 422 510 510 510 510 510 510 510 510 510 510 510 
66 338 278 434 261 122 278 66 407 488 389 51 183 262 490 291 380 389 302 10 510 510 
191 269 211 9 278 377 407 227 30 33 257 510 510 510 510 510 510 510 510 510 510 510 
441 278 233 441 172 369 9 211 392 172 404 33 257 434 510 510 510 510 510 510 510 510 
505 120 59 278 66 348 422 434 510 510 510 510 510 510 510 510 510 510 510 510 510 510 
66 401 257 434 469 261 278 66 460 30 504 257 350 401 201 278 243 318 240 288 257 350 
400 219 302 278 240 400 207 289 10 107 506 278 510 510 510 510 510 510 510 510 510 510 
154 299 321 457 278 226 172 420 12 458 510 510 510 510 510 510 510 510 510 510 510 510 
226 172 431 262 368 428 334 328 54 278 261 477 510 510 510 510 510 510 510 510 510 510 
351 472 351 353 155 13 421 136 350 334 44 334 328 278 261 231 257 434 510 510 510 510 
505 120 59 278 66 348 422 434 510 510 510 510 510 510 510 510 510 510 510 510 510 510 
66 401 257 434 469 261 278 66 460 30 504 257 350 401 201 278 243 318 240 288 257 510 
262 462 109 462 271 106 48 262 462 488 478 280 307 510 510 510 510 510 510 510 510 510 
334 172 386 209 454 236 243 278 235 120 85 474 278 510 510 510 510 510 510 510 510 510 
283 246 359 247 297 58 309 120 291 212 64 510 510 510 510 510 510 510 510 510 510 510 
359 247 333 211 184 58 309 120 291 212 33 422 434 510 510 510 510 510 510 510 510 510 
505 120 59 278 66 348 422 434 510 510 510 510 510 510 510 510 510 510 510 510 510 510 
66 391 462 182 36 116 13 344 278 318 240 190 278 434 261 346 278 308 510 510 510 510 
66 96 10 166 145 120 207 211 120 115 323 34 210 257 510 510 510 510 510 510 510 510 
442 199 476 300 28 247 45 30 462 139 407 386 389 165 257 510 510 510 510 510 510 510 
442 70 483 409 257 350 464 120 268 106 70 507 257 510 510 510 510 510 510 510 510 510 
92 407 225 377 424 70 395 278 211 92 407 104 377 63 70 507 257 434 510 510 510 510 
505 120 59 278 66 348 422 434 510 510 510 510 510 510 510 510 510 510 510 510 510 510 
211 120 59 278 282 15 278 201 351 415 278 201 351 415 510 510 510 510 510 510 510 510 
226 120 310 268 30 67 286 106 70 495 507 223 510 510 510 510 510 510 510 510 510 510 
211 371 160 241 321 120 364 30 247 216 323 462 351 275 278 510 510 510 510 510 510 510 
211 120 311 376 229 388 461 371 427 226 120 25 223 510 510 510 510 510 510 510 510 510 
211 70 386 377 424 462 427 462 465 486 226 120 25 246 391 443 348 257 510 510 510 510 
377 255 323 43 261 241 496 249 510 510 510 510 510 510 510 510 510 510 510 510 510 510 
28 355 272 60 261 241 496 273 510 510 510 510 510 510 510 510 510 510 510 510 510 510 
28 355 313 60 261 279 496 446 510 510 510 510 510 510 510 510 510 510 510 510 510 510 
70 224 377 247 250 1 60 510 510 510 510 510 510 510 510 510 510 510 510 510 510 510 
377 120 387 215 261 241 496 61 510 510 510 510 510 510 510 510 510 510 510 510 510 510 
70 454 60 261 279 496 204 510 510 510 510 510 510 510 510 510 510 510 510 510 510 510 
70 395 502 342 8 120 387 306 60 510 510 510 510 510 510 510 510 510 510 510 510 510 
211 321 261 509 27 60 261 509 27 98 60 510 510 510 510 510 510 510 510 510 510 510 
186 60 13 70 255 60 13 120 267 510 510 510 510 510 510 510 510 510 510 510 510 510 
30 247 49 53 152 60 263 405 510 510 510 510 510 510 510 510 510 510 510 510 510 510 
377 192 258 30 370 211 137 510 510 510 510 510 510 510 510 510 510 510 510 510 510 510 
120 322 167 378 328 201 60 510 510 510 510 510 510 510 510 510 510 510 510 510 510 510 
377 120 265 278 240 120 320 60 510 510 510 510 510 510 510 510 510 510 510 510 510 510 
377 120 417 73 30 120 11 60 510 510 510 510 510 510 510 510 510 510 510 510 510 510 
377 120 185 462 169 328 450 27 510 510 510 510 510 510 510 510 510 510 510 510 510 510 
13 292 220 373 30 396 60 510 510 510 510 510 510 510 510 510 510 510 510 510 510 510 
377 120 196 13 120 256 510 510 510 510 510 510 510 510 510 510 510 510 510 510 510 510 
28 283 38 27 328 31 262 60 510 510 510 510 510 510 510 510 510 510 510 510 510 510 
377 120 451 278 211 120 260 60 510 510 510 510 510 510 510 510 510 510 510 510 510 510 
