51 61 179 85 204 282 202 205 42 282 183 348 384 282 510 510 510 510 510 510 510 510 
181 280 179 468 348 103 437 488 357 308 282 510 510 510 510 510 510 510 510 510 510 510 
202 205 401 282 403 438 282 121 364 4 179 415 282 510 510 510 510 510 510 510 510 510 
15 488 394 445 304 68 282 68 420 411 255 300 99 510 510 510 510 510 510 510 510 510 
433 318 212 394 199 282 194 205 244 282 433 415 420 411 255 329 510 510 510 510 510 510 
232 306 282 348 402 431 99 194 510 510 510 510 510 510 510 510 510 510 510 510 510 510 
510 510 510 510 510 510 510 510 510 510 510 510 510 510 510 510 510 510 510 510 510 510 
275 282 352 205 281 182 91 501 341 118 412 282 510 510 510 510 510 510 510 510 510 510 
348 273 456 446 231 347 19 500 61 341 144 99 510 510 510 510 510 510 510 510 510 510 
178 205 93 341 440 172 155 264 205 112 365 81 89 510 510 510 510 510 510 510 510 510 
11 411 313 490 488 261 87 386 341 301 36 510 510 510 510 510 510 510 510 510 510 510 
386 341 135 348 186 404 487 341 233 29 36 510 510 510 510 510 510 510 510 510 510 510 
372 424 386 248 99 510 510 510 510 510 510 510 510 510 510 510 510 510 510 510 510 510 
510 510 510 510 510 510 510 510 510 510 510 510 510 510 510 510 510 510 510 510 510 510 
348 341 88 282 469 282 206 426 488 273 503 180 510 510 510 510 510 510 510 510 510 510 
389 482 425 16 485 105 7 216 33 82 172 510 510 510 510 510 510 510 510 510 510 510 
353 191 295 282 81 41 341 45 488 411 113 282 205 388 71 282 510 510 510 510 510 510 
433 318 212 394 199 416 53 420 411 255 329 510 510 510 510 510 510 510 510 510 510 510 
394 78 199 416 53 420 411 255 300 172 155 510 510 510 510 510 510 510 510 510 510 510 
306 182 212 282 348 402 431 99 194 510 510 510 510 510 510 510 510 510 510 510 510 510 
510 510 510 510 510 510 510 510 510 510 510 510 510 510 510 510 510 510 510 510 510 510 
354 411 473 457 332 172 52 397 324 70 282 510 510 510 510 510 510 510 510 510 510 510 
433 375 282 194 427 205 282 433 55 302 282 283 379 227 205 436 172 510 510 510 510 510 
40 341 174 212 205 91 438 282 348 353 304 131 4 68 282 510 510 510 510 510 510 510 
348 353 63 131 4 415 282 415 420 411 255 300 282 510 510 510 510 510 510 510 510 510 
191 205 423 91 460 205 376 131 194 155 424 205 116 39 341 300 172 155 510 510 510 510 
296 364 282 348 402 431 99 510 510 510 510 510 510 510 510 510 510 510 510 510 510 510 
510 510 510 510 510 510 510 510 510 510 510 510 510 510 510 510 510 510 510 510 510 510 
163 141 191 296 104 282 312 205 388 364 184 282 492 282 510 510 510 510 510 510 510 510 
119 282 274 133 324 334 344 293 81 253 82 172 510 510 510 510 510 510 510 510 510 510 
40 341 349 91 26 282 348 341 408 305 324 46 282 510 510 510 510 510 510 510 510 510 
348 341 232 164 364 146 91 341 150 164 282 433 289 238 194 510 510 510 510 510 510 510 
306 205 150 282 348 60 13 381 247 341 164 282 433 289 477 433 155 510 510 510 510 510 
114 306 282 348 402 431 99 510 510 510 510 510 510 510 510 510 510 510 510 510 510 510 
510 510 510 510 510 510 510 510 510 510 510 510 510 510 510 510 510 510 510 510 510 510 
247 141 341 255 413 282 54 411 473 495 16 474 282 510 510 510 510 510 510 510 510 510 
278 47 205 376 179 415 432 307 462 82 99 510 510 510 510 510 510 510 510 510 510 510 
433 335 282 194 427 205 282 433 335 191 212 110 420 411 263 12 310 510 510 510 510 510 
120 16 149 282 397 282 57 86 212 282 348 306 173 497 510 510 510 510 510 510 510 510 
120 411 113 154 41 179 153 348 306 173 74 172 155 510 510 510 510 510 510 510 510 510 
318 212 341 267 348 402 431 477 194 510 510 510 510 510 510 510 510 510 510 510 510 510 
510 510 510 510 510 510 510 510 510 510 510 510 510 510 510 510 510 510 510 510 510 510 
65 424 205 138 341 277 282 475 282 485 280 179 484 348 201 282 510 510 510 510 510 510 
501 364 439 179 343 294 488 341 222 10 488 151 172 510 510 510 510 510 510 510 510 510 
148 341 77 192 224 243 172 148 179 20 453 55 73 243 172 510 510 510 510 510 510 510 
40 282 485 322 488 362 55 225 282 14 467 411 255 329 510 510 510 510 510 510 510 510 
14 61 179 476 488 226 106 467 411 255 329 510 510 510 510 510 510 510 510 510 510 510 
14 282 348 76 282 348 402 431 99 510 510 510 510 510 510 510 510 510 510 510 510 510 
510 510 510 510 510 510 510 510 510 510 510 510 510 510 510 510 510 510 510 510 510 510 
397 306 217 83 5 411 469 117 141 176 282 510 510 510 510 510 510 510 510 510 510 510 
140 341 418 348 195 338 488 341 314 182 292 99 510 510 510 510 510 510 510 510 510 510 
433 48 358 414 154 109 348 498 282 496 282 194 205 427 282 433 466 460 324 24 282 510 
441 241 348 98 294 237 11 341 196 218 510 510 510 510 510 510 510 510 510 510 510 510 
66 16 57 358 190 29 212 366 341 355 317 447 315 477 194 510 510 510 510 510 510 510 
360 341 294 282 433 94 99 194 510 510 510 510 510 510 510 510 510 510 510 510 510 510 
175 205 339 306 262 374 81 399 350 353 124 282 510 510 510 510 510 510 510 510 510 510 
48 19 499 27 336 27 508 486 172 510 510 510 510 510 510 510 510 510 510 510 510 510 
386 127 266 148 459 320 191 324 145 208 428 510 510 510 510 510 510 510 510 510 510 510 
344 25 91 483 485 161 83 467 505 255 329 510 510 510 510 510 510 510 510 510 510 510 
83 55 288 61 341 210 476 467 505 255 300 282 510 510 510 510 510 510 510 510 510 510 
485 449 29 15 433 94 99 194 510 510 510 510 510 510 510 510 510 510 510 510 510 510 
40 341 294 282 92 188 366 341 128 476 282 356 232 510 510 510 510 510 510 510 510 510 
191 445 164 282 15 489 505 473 501 191 445 164 243 370 291 99 510 510 510 510 510 510 
402 37 397 243 80 148 179 407 397 243 478 510 510 510 510 510 510 510 510 510 510 510 
479 205 185 431 462 244 282 433 257 391 340 387 410 510 510 510 510 510 510 510 510 510 
366 341 440 243 122 442 16 282 15 411 0 340 387 82 99 194 510 510 510 510 510 510 
397 341 83 427 282 433 94 99 194 510 510 510 510 510 510 510 510 510 510 510 510 510 
260 420 341 408 228 140 162 353 268 146 282 510 510 510 510 510 510 510 510 510 510 510 
433 454 282 194 427 205 282 433 57 182 316 212 19 232 22 348 326 282 510 510 510 510 
297 11 394 443 97 487 245 258 510 510 510 510 510 510 510 510 510 510 510 510 510 510 
125 62 348 125 189 479 505 197 445 480 377 510 510 510 510 510 510 510 510 510 510 510 
479 341 158 488 505 276 191 6 480 486 510 510 510 510 510 510 510 510 510 510 510 510 
488 132 94 249 99 194 510 510 510 510 510 510 510 510 510 510 510 510 510 510 510 510 
40 341 294 41 5 54 411 117 141 176 282 510 510 510 510 510 510 510 510 510 510 510 
409 205 58 179 299 21 501 333 488 83 282 348 476 348 300 172 510 510 510 510 510 510 
397 61 341 254 471 282 205 234 346 81 134 510 510 510 510 510 510 510 510 510 510 510 
117 286 117 282 359 57 306 405 83 488 32 510 510 510 510 510 510 510 510 510 510 510 
57 306 241 282 262 282 441 282 43 348 405 83 488 151 510 510 510 510 510 510 510 510 
101 501 351 433 94 99 194 510 510 510 510 510 510 510 510 510 510 510 510 510 510 510 
306 205 76 491 501 363 282 40 324 193 392 510 510 510 510 510 510 510 510 510 510 510 
81 341 374 34 107 398 295 8 141 411 507 317 429 172 510 510 510 510 510 510 510 510 
306 348 431 205 76 165 282 485 411 319 420 64 279 510 510 510 510 510 510 510 510 510 
366 341 327 317 254 108 191 341 382 240 393 282 510 510 510 510 510 510 510 510 510 510 
40 34 254 290 108 485 341 382 215 393 282 510 510 510 510 510 510 510 510 510 510 510 
417 390 156 282 275 282 94 477 510 510 510 510 510 510 510 510 510 510 510 510 510 510 
397 309 341 464 457 213 282 220 11 60 269 95 510 510 510 510 510 510 510 510 510 510 
23 140 321 34 28 265 366 341 31 144 99 510 510 510 510 510 510 510 510 510 510 510 
433 421 282 194 205 67 282 433 358 270 406 170 96 140 35 233 243 406 200 72 510 510 
378 250 348 157 282 11 358 1 488 289 477 510 510 510 510 510 510 510 510 510 510 510 
50 282 396 50 306 298 157 348 236 306 301 289 477 194 510 510 510 510 510 510 510 510 
360 341 294 282 433 94 99 194 510 510 510 510 510 510 510 510 510 510 510 510 510 510 
433 219 477 194 427 205 282 433 115 488 331 477 155 219 41 282 489 83 55 171 477 155 
367 371 200 282 55 367 147 285 72 424 395 282 510 510 510 510 510 510 510 510 510 510 
9 25 54 18 282 366 306 168 400 246 510 510 510 510 510 510 510 510 510 510 510 510 
366 306 461 140 452 325 66 16 283 282 205 136 510 510 510 510 510 510 510 510 510 510 
212 75 212 364 368 501 328 238 155 66 482 66 16 282 205 436 477 194 510 510 510 510 
360 341 294 282 433 94 99 194 510 510 510 510 510 510 510 510 510 510 510 510 510 510 
433 219 477 194 427 205 282 433 115 488 331 477 155 219 41 282 489 83 55 171 477 510 
140 191 111 191 435 467 229 140 191 270 127 504 448 510 510 510 510 510 510 510 510 510 
66 306 473 485 87 472 489 282 495 341 272 385 282 510 510 510 510 510 510 510 510 510 
182 390 223 179 311 404 487 341 233 29 36 510 510 510 510 510 510 510 510 510 510 510 
223 179 135 348 186 404 487 341 233 29 289 99 194 510 510 510 510 510 510 510 510 510 
360 341 294 282 433 94 99 194 510 510 510 510 510 510 510 510 510 510 510 510 510 510 
433 154 191 164 84 251 501 100 282 83 55 230 282 194 205 284 282 126 510 510 510 510 
433 177 72 247 141 341 147 348 341 355 317 447 315 477 510 510 510 510 510 510 510 510 
442 324 49 235 15 179 46 488 191 142 358 473 406 146 477 510 510 510 510 510 510 510 
442 411 187 26 477 155 444 341 476 467 411 300 477 510 510 510 510 510 510 510 510 510 
380 358 373 11 337 411 113 282 348 380 358 79 11 137 411 300 477 194 510 510 510 510 
360 341 294 282 433 94 99 194 510 510 510 510 510 510 510 510 510 510 510 510 510 510 
348 341 294 282 216 458 282 41 212 92 282 41 212 92 510 510 510 510 510 510 510 510 
366 341 455 476 488 226 106 467 411 255 300 172 510 510 510 510 510 510 510 510 510 510 
348 505 398 340 54 341 59 488 179 419 317 191 212 274 282 510 510 510 510 510 510 510 
348 341 382 393 330 303 129 505 242 366 341 144 172 510 510 510 510 510 510 510 510 510 
348 411 473 11 337 191 242 191 493 167 366 341 144 390 154 271 94 477 510 510 510 510 
11 430 317 509 205 340 148 506 510 510 510 510 510 510 510 510 510 510 510 510 510 510 
15 361 214 17 205 340 148 502 510 510 510 510 510 510 510 510 510 510 510 510 510 510 
15 361 3 17 205 143 148 470 510 510 510 510 510 510 510 510 510 510 510 510 510 510 
411 203 11 179 198 139 17 510 510 510 510 510 510 510 510 510 510 510 510 510 510 510 
11 341 494 465 205 340 148 422 510 510 510 510 510 510 510 510 510 510 510 510 510 510 
411 87 17 205 143 148 252 510 510 510 510 510 510 510 510 510 510 510 510 510 510 510 
411 113 81 169 420 341 494 451 17 510 510 510 510 510 510 510 510 510 510 510 510 510 
348 54 205 345 160 17 205 345 160 102 17 510 510 510 510 510 510 510 510 510 510 510 
397 17 501 411 430 17 501 341 44 510 510 510 510 510 510 510 510 510 510 510 510 510 
488 179 123 90 481 17 91 211 510 510 510 510 510 510 510 510 510 510 510 510 510 510 
11 256 209 488 369 348 130 510 510 510 510 510 510 510 510 510 510 510 510 510 510 510 
341 173 287 221 16 41 17 510 510 510 510 510 510 510 510 510 510 510 510 510 510 510 
11 341 434 282 55 341 2 17 510 510 510 510 510 510 510 510 510 510 510 510 510 510 
11 341 56 38 488 341 152 17 510 510 510 510 510 510 510 510 510 510 510 510 510 510 
11 341 259 191 463 16 323 160 510 510 510 510 510 510 510 510 510 510 510 510 510 510 
501 19 166 159 488 450 17 510 510 510 510 510 510 510 510 510 510 510 510 510 510 510 
11 341 383 501 341 342 510 510 510 510 510 510 510 510 510 510 510 510 510 510 510 510 
15 182 239 160 16 30 140 17 510 510 510 510 510 510 510 510 510 510 510 510 510 510 
11 341 207 282 348 341 69 17 510 510 510 510 510 510 510 510 510 510 510 510 510 510 
