476 98 356 316 185 74 95 461 110 74 94 50 433 74 510 510 510 510 510 510 510 510 
165 442 356 436 50 408 431 238 327 414 74 510 510 510 510 510 510 510 510 510 510 510 
95 461 178 74 282 138 74 93 89 105 356 64 74 510 510 510 510 510 510 510 510 510 
460 238 201 409 352 222 74 222 233 497 508 503 330 510 510 510 510 510 510 510 510 510 
333 418 421 201 471 74 241 461 364 74 333 64 233 497 508 199 510 510 510 510 510 510 
207 65 74 50 225 499 330 241 510 510 510 510 510 510 510 510 510 510 510 510 510 510 
510 510 510 510 510 510 510 510 510 510 510 510 510 510 510 510 510 510 510 510 510 510 
217 74 43 461 440 490 115 127 203 342 243 74 510 510 510 510 510 510 510 510 510 510 
50 479 345 114 380 272 111 383 98 203 478 330 510 510 510 510 510 510 510 510 510 510 
120 461 140 203 424 211 481 172 461 284 253 8 401 510 510 510 510 510 510 510 510 510 
332 497 298 30 238 504 464 297 203 276 102 510 510 510 510 510 510 510 510 510 510 510 
297 203 390 50 295 322 294 203 474 509 102 510 510 510 510 510 510 510 510 510 510 510 
311 292 297 186 330 510 510 510 510 510 510 510 510 510 510 510 510 510 510 510 510 510 
510 510 510 510 510 510 510 510 510 510 510 510 510 510 510 510 510 510 510 510 510 510 
50 203 251 74 314 74 358 66 238 479 204 85 510 510 510 510 510 510 510 510 510 510 
183 386 19 88 269 221 9 14 99 218 211 510 510 510 510 510 510 510 510 510 510 510 
180 274 139 74 8 291 203 104 238 497 456 74 461 378 435 74 510 510 510 510 510 510 
333 418 421 201 471 361 209 233 497 508 199 510 510 510 510 510 510 510 510 510 510 510 
201 335 471 361 209 233 497 508 503 211 481 510 510 510 510 510 510 510 510 510 510 510 
65 490 421 74 50 225 499 330 241 510 510 510 510 510 510 510 510 510 510 510 510 510 
510 510 510 510 510 510 510 510 510 510 510 510 510 510 510 510 510 510 510 510 510 510 
425 497 459 151 170 211 502 453 430 399 74 510 510 510 510 510 510 510 510 510 510 510 
333 439 74 241 485 461 74 333 228 313 74 90 402 349 461 350 211 510 510 510 510 510 
47 203 482 421 461 115 138 74 50 180 352 52 105 222 74 510 510 510 510 510 510 510 
50 180 62 52 105 64 74 64 233 497 508 503 74 510 510 510 510 510 510 510 510 510 
274 461 489 115 177 461 215 52 241 481 292 461 194 324 203 503 211 481 510 510 510 510 
187 89 74 50 225 499 330 510 510 510 510 510 510 510 510 510 510 510 510 510 510 510 
510 510 510 510 510 510 510 510 510 510 510 510 510 510 510 510 510 510 510 510 510 510 
389 78 274 187 11 74 486 461 378 89 31 74 363 74 510 510 510 510 510 510 510 510 
405 74 420 208 430 144 131 260 8 351 218 211 510 510 510 510 510 510 510 510 510 510 
47 203 392 115 454 74 50 203 407 184 430 455 74 510 510 510 510 510 510 510 510 510 
50 203 207 365 89 286 115 203 70 365 74 333 312 147 241 510 510 510 510 510 510 510 
65 461 70 74 50 224 181 283 280 203 365 74 333 312 384 333 481 510 510 510 510 510 
413 65 74 50 225 499 330 510 510 510 510 510 510 510 510 510 510 510 510 510 510 510 
510 510 510 510 510 510 510 510 510 510 510 510 510 510 510 510 510 510 510 510 510 510 
280 78 203 508 5 74 491 497 459 496 88 236 74 510 510 510 510 510 510 510 510 510 
44 73 461 215 356 64 250 487 458 218 330 510 510 510 510 510 510 510 510 510 510 510 
333 429 74 241 485 461 74 333 429 274 421 317 233 497 124 164 1 510 510 510 510 510 
17 88 133 74 453 74 126 306 421 74 50 65 281 80 510 510 510 510 510 510 510 510 
17 497 456 360 291 356 308 50 65 281 195 211 481 510 510 510 510 510 510 510 510 510 
418 421 203 423 50 225 499 384 241 510 510 510 510 510 510 510 510 510 510 510 510 510 
510 510 510 510 510 510 510 510 510 510 510 510 510 510 510 510 510 510 510 510 510 510 
338 292 461 375 203 220 74 347 74 269 442 356 25 50 256 74 510 510 510 510 510 510 
127 89 289 356 354 262 238 203 160 7 238 226 211 510 510 510 510 510 510 510 510 510 
270 203 505 377 371 382 211 270 356 506 341 228 69 382 211 510 510 510 510 510 510 510 
47 74 269 212 238 355 228 248 74 370 149 497 508 199 510 510 510 510 510 510 510 510 
370 98 356 16 238 161 357 149 497 508 199 510 510 510 510 510 510 510 510 510 510 510 
370 74 50 369 74 50 225 499 330 510 510 510 510 510 510 510 510 510 510 510 510 510 
510 510 510 510 510 510 510 510 510 510 510 510 510 510 510 510 510 510 510 510 510 510 
453 65 367 219 320 497 314 344 78 393 74 510 510 510 510 510 510 510 510 510 510 510 
366 203 146 50 67 40 238 203 273 490 368 330 510 510 510 510 510 510 510 510 510 510 
333 173 57 23 360 315 50 171 74 296 74 241 461 485 74 333 299 177 430 467 74 510 
235 58 50 265 262 415 332 203 293 336 510 510 510 510 510 510 510 510 510 510 510 510 
494 88 126 57 379 509 421 106 203 167 192 404 60 384 241 510 510 510 510 510 510 510 
264 203 262 74 333 196 330 241 510 510 510 510 510 510 510 510 510 510 510 510 510 510 
448 461 246 65 326 188 8 154 446 180 152 74 510 510 510 510 510 510 510 510 510 510 
173 111 397 395 176 395 141 197 211 510 510 510 510 510 510 510 510 510 510 510 510 510 
297 394 406 270 325 469 274 430 150 310 37 510 510 510 510 510 510 510 510 510 510 510 
131 45 115 76 269 27 219 149 153 508 199 510 510 510 510 510 510 510 510 510 510 510 
219 228 339 98 203 168 16 149 153 508 503 74 510 510 510 510 510 510 510 510 510 510 
269 82 509 460 333 196 330 241 510 510 510 510 510 510 510 510 510 510 510 510 510 510 
47 203 262 74 271 465 106 203 372 16 74 96 207 510 510 510 510 510 510 510 510 510 
274 409 365 74 460 278 153 459 127 274 409 365 382 331 244 330 510 510 510 510 510 510 
225 477 453 382 231 270 356 348 453 382 239 510 510 510 510 510 510 510 510 510 510 510 
305 461 304 499 458 364 74 333 145 103 86 79 457 510 510 510 510 510 510 510 510 510 
106 203 424 382 438 334 88 74 460 497 475 86 79 218 330 241 510 510 510 510 510 510 
453 203 219 485 74 333 196 330 241 510 510 510 510 510 510 510 510 510 510 510 510 510 
71 233 203 407 100 366 374 180 20 286 74 510 510 510 510 510 510 510 510 510 510 510 
333 287 74 241 485 461 74 333 126 490 359 421 111 207 285 50 261 74 510 510 510 510 
41 332 201 123 434 294 242 449 510 510 510 510 510 510 510 510 510 510 510 510 510 510 
63 84 50 63 443 305 153 190 409 189 21 510 510 510 510 510 510 510 510 510 510 510 
305 203 210 238 153 75 274 42 189 197 510 510 510 510 510 510 510 510 510 510 510 510 
238 234 196 48 330 241 510 510 510 510 510 510 510 510 510 510 510 510 510 510 510 510 
47 203 262 291 320 491 497 344 78 393 74 510 510 510 510 510 510 510 510 510 510 510 
230 461 391 356 493 373 127 376 238 219 74 50 16 50 503 211 510 510 510 510 510 510 
453 98 203 309 473 74 461 387 472 8 157 510 510 510 510 510 510 510 510 510 510 510 
344 240 344 74 136 126 65 223 219 238 227 510 510 510 510 510 510 510 510 510 510 510 
126 65 58 74 326 74 235 74 495 50 223 219 238 226 510 510 510 510 510 510 510 510 
498 127 61 333 196 330 241 510 510 510 510 510 510 510 510 510 510 510 510 510 510 510 
65 461 369 216 127 263 74 47 430 72 51 510 510 510 510 510 510 510 510 510 510 510 
8 203 188 400 328 200 139 419 78 497 470 192 28 211 510 510 510 510 510 510 510 510 
65 50 499 461 369 214 74 269 497 6 233 277 426 510 510 510 510 510 510 510 510 510 
106 203 22 192 309 198 274 203 4 159 427 74 510 510 510 510 510 510 510 510 510 510 
47 400 309 59 198 269 203 4 24 427 74 510 510 510 510 510 510 510 510 510 510 510 
353 12 275 74 217 74 196 384 510 510 510 510 510 510 510 510 510 510 510 510 510 510 
453 193 203 13 151 33 74 108 332 224 463 318 510 510 510 510 510 510 510 510 510 510 
381 366 54 400 46 155 106 203 128 478 330 510 510 510 510 510 510 510 510 510 510 510 
333 87 74 241 461 411 74 333 57 174 163 121 484 366 428 474 382 163 266 258 510 510 
422 205 50 35 74 332 57 279 238 312 384 510 510 510 510 510 510 510 510 510 510 510 
213 74 77 213 65 466 35 50 179 65 276 312 384 241 510 510 510 510 510 510 510 510 
264 203 262 74 333 196 330 241 510 510 510 510 510 510 510 510 510 510 510 510 510 510 
333 445 384 241 485 461 74 333 148 238 237 384 481 445 291 74 278 219 228 109 384 481 
321 319 266 74 228 321 403 49 258 292 10 74 510 510 510 510 510 510 510 510 510 510 
39 45 491 410 74 106 65 36 166 288 510 510 510 510 510 510 510 510 510 510 510 510 
106 65 191 366 130 252 494 88 90 74 461 447 510 510 510 510 510 510 510 510 510 510 
421 396 421 89 169 127 38 147 481 494 386 494 88 74 461 350 384 241 510 510 510 510 
264 203 262 74 333 196 330 241 510 510 510 510 510 510 510 510 510 510 510 510 510 510 
333 445 384 241 485 461 74 333 148 238 237 384 481 445 291 74 278 219 228 109 384 510 
366 274 125 274 249 149 116 366 274 174 394 432 245 510 510 510 510 510 510 510 510 510 
494 65 459 269 464 480 278 74 496 203 53 143 74 510 510 510 510 510 510 510 510 510 
490 12 137 356 55 322 294 203 474 509 102 510 510 510 510 510 510 510 510 510 510 510 
137 356 390 50 295 322 294 203 474 509 312 330 241 510 510 510 510 510 510 510 510 510 
264 203 262 74 333 196 330 241 510 510 510 510 510 510 510 510 510 510 510 510 510 510 
333 360 274 365 337 122 127 444 74 219 228 507 74 241 461 259 74 267 510 510 510 510 
333 2 258 280 78 203 403 50 203 167 192 404 60 384 510 510 510 510 510 510 510 510 
334 430 412 257 460 356 455 238 274 134 57 459 163 286 384 510 510 510 510 510 510 510 
334 497 343 454 384 481 26 203 16 149 497 503 384 510 510 510 510 510 510 510 510 510 
97 57 29 332 112 497 456 74 50 97 57 56 332 32 497 503 384 241 510 510 510 510 
264 203 262 74 333 196 330 241 510 510 510 510 510 510 510 510 510 510 510 510 510 510 
50 203 262 74 14 232 74 291 421 271 74 291 421 271 510 510 510 510 510 510 510 510 
106 203 206 16 238 161 357 149 497 508 503 211 510 510 510 510 510 510 510 510 510 510 
50 153 200 86 491 203 81 238 356 229 192 274 421 420 74 510 510 510 510 510 510 510 
50 203 4 427 441 156 483 153 388 106 203 478 211 510 510 510 510 510 510 510 510 510 
50 497 459 332 112 274 388 274 158 468 106 203 478 12 360 346 196 384 510 510 510 510 
332 117 192 101 461 86 270 462 510 510 510 510 510 510 510 510 510 510 510 510 510 510 
460 162 91 268 461 86 270 492 510 510 510 510 510 510 510 510 510 510 510 510 510 510 
460 162 118 268 461 398 270 323 510 510 510 510 510 510 510 510 510 510 510 510 510 510 
497 92 332 356 451 362 268 510 510 510 510 510 510 510 510 510 510 510 510 510 510 510 
332 203 119 247 461 86 270 416 510 510 510 510 510 510 510 510 510 510 510 510 510 510 
497 464 268 461 398 270 255 510 510 510 510 510 510 510 510 510 510 510 510 510 510 510 
497 456 8 135 233 203 119 15 268 510 510 510 510 510 510 510 510 510 510 510 510 510 
50 491 461 34 3 268 461 34 3 302 268 510 510 510 510 510 510 510 510 510 510 510 
453 268 127 497 117 268 127 203 501 510 510 510 510 510 510 510 510 510 510 510 510 510 
238 356 452 385 450 268 115 254 510 510 510 510 510 510 510 510 510 510 510 510 510 510 
332 500 107 238 303 50 18 510 510 510 510 510 510 510 510 510 510 510 510 510 510 510 
203 281 132 340 88 291 268 510 510 510 510 510 510 510 510 510 510 510 510 510 510 510 
332 203 300 74 228 203 488 268 510 510 510 510 510 510 510 510 510 510 510 510 510 510 
332 203 182 175 238 203 142 268 510 510 510 510 510 510 510 510 510 510 510 510 510 510 
332 203 129 274 68 88 417 3 510 510 510 510 510 510 510 510 510 510 510 510 510 510 
127 111 307 437 238 290 268 510 510 510 510 510 510 510 510 510 510 510 510 510 510 510 
332 203 0 127 203 83 510 510 510 510 510 510 510 510 510 510 510 510 510 510 510 510 
460 490 329 3 88 202 366 268 510 510 510 510 510 510 510 510 510 510 510 510 510 510 
332 203 301 74 50 203 113 268 510 510 510 510 510 510 510 510 510 510 510 510 510 510 
