181 340 366 34 386 25 383 280 23 25 239 18 394 25 510 510 510 510 510 510 
467 190 366 481 18 314 152 189 19 187 25 510 510 510 510 510 510 510 510 510 
383 280 356 25 264 83 25 36 211 54 366 359 25 510 510 510 510 510 510 510 
126 189 140 144 326 311 25 311 156 233 170 327 323 510 510 510 510 510 510 510 
84 342 100 140 391 25 31 280 148 25 84 359 156 233 170 379 510 510 510 510 
367 292 25 18 425 35 323 31 510 510 510 510 510 510 510 510 510 510 510 510 
510 510 510 510 510 510 510 510 510 510 510 510 510 510 510 510 510 510 510 510 
176 25 236 280 395 90 319 58 179 10 93 25 510 510 510 510 510 510 510 510 
18 220 119 145 248 442 365 29 340 179 225 323 510 510 510 510 510 510 510 510 
349 280 267 179 81 289 354 48 280 385 4 15 355 510 510 510 510 510 510 510 
246 233 165 304 189 202 155 227 179 306 498 510 510 510 510 510 510 510 510 510 
227 179 368 18 105 301 284 179 98 87 498 510 510 510 510 510 510 510 510 510 
294 482 227 410 323 510 510 510 510 510 510 510 510 510 510 510 510 510 510 510 
510 510 510 510 510 510 510 510 510 510 510 510 510 510 510 510 510 510 510 510 
18 179 329 25 166 25 99 2 189 220 492 203 510 510 510 510 510 510 510 510 
303 500 453 7 468 464 350 192 272 502 289 510 510 510 510 510 510 510 510 510 
433 16 14 25 15 496 179 422 189 233 432 25 280 297 504 25 510 510 510 510 
84 342 100 140 391 106 101 156 233 170 379 510 510 510 510 510 510 510 510 510 
140 476 391 106 101 156 233 170 327 289 354 510 510 510 510 510 510 510 510 510 
292 90 100 25 18 425 35 323 31 510 510 510 510 510 510 510 510 510 510 510 
510 510 510 510 510 510 510 510 510 510 510 510 510 510 510 510 510 510 510 510 
405 233 351 118 160 289 245 430 199 131 25 510 510 510 510 510 510 510 510 510 
84 80 25 31 194 280 25 84 52 65 25 396 269 30 280 12 289 510 510 510 
214 179 457 100 280 319 83 25 18 433 326 477 54 311 25 510 510 510 510 510 
18 433 508 477 54 359 25 359 156 233 170 327 25 510 510 510 510 510 510 510 
16 280 335 319 479 280 182 477 31 354 482 280 24 232 179 327 289 354 510 510 
242 211 25 18 425 35 323 510 510 510 510 510 510 510 510 510 510 510 510 510 
510 510 510 510 510 510 510 510 510 510 510 510 510 510 510 510 510 510 510 510 
458 38 16 242 107 25 261 280 297 211 27 25 185 25 510 510 510 510 510 510 
439 25 74 278 199 79 63 146 15 339 502 289 510 510 510 510 510 510 510 510 
214 179 414 319 364 25 18 179 296 173 199 286 25 510 510 510 510 510 510 510 
18 179 367 241 211 39 319 179 206 241 25 84 360 466 31 510 510 510 510 510 
292 280 206 25 18 243 506 147 77 179 241 25 84 360 362 84 354 510 510 510 
265 292 25 18 425 35 323 510 510 510 510 510 510 510 510 510 510 510 510 510 
510 510 510 510 510 510 510 510 510 510 510 510 510 510 510 510 510 510 510 510 
77 38 179 170 423 25 231 233 351 8 7 501 25 510 510 510 510 510 510 510 
398 447 280 182 366 359 91 255 299 502 323 510 510 510 510 510 510 510 510 510 
84 376 25 31 194 280 25 84 376 16 100 313 156 233 183 505 121 510 510 510 
49 7 452 25 430 25 390 22 100 25 18 292 85 415 510 510 510 510 510 510 
49 233 432 253 496 366 509 18 292 85 45 289 354 510 510 510 510 510 510 510 
342 100 179 177 18 425 35 362 31 510 510 510 510 510 510 510 510 510 510 510 
510 510 510 510 510 510 510 510 510 510 510 510 510 510 510 510 510 510 510 510 
109 482 280 490 179 94 25 400 25 468 190 366 321 18 88 25 510 510 510 510 
58 211 328 366 318 445 189 179 345 353 189 209 289 510 510 510 510 510 510 510 
428 179 483 159 473 128 289 428 366 43 412 52 95 128 289 510 510 510 510 510 
214 25 468 495 189 32 52 426 25 195 331 233 170 379 510 510 510 510 510 510 
195 340 366 124 189 207 435 331 233 170 379 510 510 510 510 510 510 510 510 510 
195 25 18 72 25 18 425 35 323 510 510 510 510 510 510 510 510 510 510 510 
510 510 510 510 510 510 510 510 510 510 510 510 510 510 510 510 510 510 510 510 
430 292 487 64 197 233 166 200 38 374 25 510 510 510 510 510 510 510 510 510 
384 179 89 18 110 285 189 179 320 90 282 323 510 510 510 510 510 510 510 510 
84 78 315 175 253 193 18 137 25 68 25 31 280 194 25 84 167 479 199 488 25 
249 70 18 361 445 247 246 179 122 104 510 510 510 510 510 510 510 510 510 510 
138 7 390 315 416 87 100 387 179 6 254 112 472 362 31 510 510 510 510 510 
266 179 445 25 84 123 323 31 510 510 510 510 510 510 510 510 510 510 510 510 
460 280 409 292 257 157 15 96 287 433 169 25 510 510 510 510 510 510 510 510 
78 365 256 377 5 377 41 129 289 510 510 510 510 510 510 510 510 510 510 510 
227 436 69 428 149 274 16 199 204 115 465 510 510 510 510 510 510 510 510 510 
63 198 319 298 468 484 64 331 216 170 379 510 510 510 510 510 510 510 510 510 
64 52 113 340 179 352 124 331 216 170 327 25 510 510 510 510 510 510 510 510 
468 494 87 126 84 123 323 31 510 510 510 510 510 510 510 510 510 510 510 510 
214 179 445 25 11 251 387 179 283 124 25 133 367 510 510 510 510 510 510 510 
16 144 241 25 126 449 216 351 58 16 144 241 128 406 150 323 510 510 510 510 
425 57 430 128 56 428 366 53 430 128 302 510 510 510 510 510 510 510 510 510 
127 280 440 35 299 148 25 84 438 228 130 28 44 510 510 510 510 510 510 510 
387 179 81 128 143 171 7 25 126 233 480 130 28 502 323 31 510 510 510 510 
430 179 64 194 25 84 123 323 31 510 510 510 510 510 510 510 510 510 510 510 
218 156 179 296 221 384 142 433 212 39 25 510 510 510 510 510 510 510 510 510 
84 288 25 31 194 280 25 84 390 90 308 100 365 367 276 18 322 25 510 510 
102 246 140 459 196 284 307 222 510 510 510 510 510 510 510 510 510 510 510 510 
191 151 18 191 441 127 216 446 144 111 134 510 510 510 510 510 510 510 510 510 
127 179 312 189 216 263 16 332 111 129 510 510 510 510 510 510 510 510 510 510 
189 217 123 448 323 31 510 510 510 510 510 510 510 510 510 510 510 510 510 510 
214 179 445 496 197 231 233 200 38 374 25 510 510 510 510 510 510 510 510 510 
424 280 275 366 62 92 58 469 189 64 25 18 124 18 327 289 510 510 510 510 
430 340 179 300 485 25 280 478 497 15 281 510 510 510 510 510 510 510 510 510 
200 324 200 25 277 390 292 154 64 189 270 510 510 510 510 510 510 510 510 510 
390 292 70 25 257 25 249 25 411 18 154 64 189 209 510 510 510 510 510 510 
486 58 132 84 123 323 31 510 510 510 510 510 510 510 510 510 510 510 510 510 
292 280 72 471 58 474 25 214 199 40 188 510 510 510 510 510 510 510 510 510 
15 179 157 250 431 330 14 404 38 233 125 254 186 289 510 510 510 510 510 510 
292 18 35 280 72 9 25 468 233 17 156 158 290 510 510 510 510 510 510 510 
387 179 116 254 300 50 16 179 13 503 407 25 510 510 510 510 510 510 510 510 
214 250 300 73 50 468 179 13 163 407 25 510 510 510 510 510 510 510 510 510 
293 337 1 25 176 25 123 362 510 510 510 510 510 510 510 510 510 510 510 510 
430 20 179 141 118 229 25 444 246 243 382 317 510 510 510 510 510 510 510 510 
258 384 408 250 372 341 387 179 55 225 323 510 510 510 510 510 510 510 510 510 
84 491 25 31 280 208 25 84 315 429 120 210 338 384 393 98 128 120 413 295 
418 463 18 71 25 246 315 67 189 360 362 510 510 510 510 510 510 510 510 510 
401 25 234 401 292 451 71 18 450 292 306 360 362 31 510 510 510 510 510 510 
266 179 445 25 84 123 323 31 510 510 510 510 510 510 510 510 510 510 510 510 
84 153 362 31 194 280 25 84 82 189 273 362 354 153 496 25 449 64 52 417 362 354 
291 21 413 25 52 291 455 347 295 482 461 25 510 510 510 510 510 510 510 510 
252 198 231 475 25 387 292 333 437 456 510 510 510 510 510 510 510 510 510 510 
387 292 421 384 375 114 138 7 396 25 280 61 510 510 510 510 510 510 510 510 
100 309 100 211 358 58 470 466 354 138 500 138 7 25 280 12 362 31 510 510 
266 179 445 25 84 123 323 31 510 510 510 510 510 510 510 510 510 510 510 510 
84 153 362 31 194 280 25 84 82 189 273 362 354 153 496 25 449 64 52 417 362 
384 16 343 16 489 331 334 384 16 429 436 305 434 510 510 510 510 510 510 510 
138 292 351 468 155 493 449 25 8 179 363 403 25 510 510 510 510 510 510 510 
90 337 346 366 223 301 284 179 98 87 498 510 510 510 510 510 510 510 510 510 
346 366 368 18 105 301 284 179 98 87 360 323 31 510 510 510 510 510 510 510 
266 179 445 25 84 123 323 31 510 510 510 510 510 510 510 510 510 510 510 510 
84 253 16 241 271 46 58 357 25 64 52 66 25 31 280 237 25 336 510 510 
84 201 295 77 38 179 455 18 179 6 254 112 472 362 510 510 510 510 510 510 
171 199 168 3 126 366 286 189 16 139 315 351 120 39 362 510 510 510 510 510 
171 233 443 364 362 354 135 179 124 331 233 327 362 510 510 510 510 510 510 510 
37 315 240 246 205 233 432 25 18 37 315 230 246 378 233 327 362 31 510 510 
266 179 445 25 84 123 323 31 510 510 510 510 510 510 510 510 510 510 510 510 
18 179 445 25 192 97 25 496 100 11 25 496 100 11 510 510 510 510 510 510 
387 179 162 124 189 207 435 331 233 170 327 289 510 510 510 510 510 510 510 510 
18 216 330 130 231 179 59 189 366 219 254 16 100 74 25 510 510 510 510 510 
18 179 13 407 369 419 136 216 370 387 179 225 289 510 510 510 510 510 510 510 
18 233 351 246 205 16 370 16 213 392 387 179 225 337 253 161 123 362 510 510 
246 244 254 0 280 130 428 279 510 510 510 510 510 510 510 510 510 510 510 510 
126 180 399 268 280 130 428 178 510 510 510 510 510 510 510 510 510 510 510 510 
126 180 75 268 280 402 428 224 510 510 510 510 510 510 510 510 510 510 510 510 
233 47 246 366 380 373 268 510 510 510 510 510 510 510 510 510 510 510 510 510 
246 179 507 388 280 130 428 316 510 510 510 510 510 510 510 510 510 510 510 510 
233 155 268 280 402 428 371 510 510 510 510 510 510 510 510 510 510 510 510 510 
233 432 15 60 156 179 507 215 268 510 510 510 510 510 510 510 510 510 510 510 
18 231 280 259 462 268 280 259 462 33 268 510 510 510 510 510 510 510 510 510 
430 268 58 233 244 268 58 179 389 510 510 510 510 510 510 510 510 510 510 510 
189 366 499 325 117 268 319 108 510 510 510 510 510 510 510 510 510 510 510 510 
246 164 42 189 238 18 76 510 510 510 510 510 510 510 510 510 510 510 510 510 
179 85 103 397 7 496 268 510 510 510 510 510 510 510 510 510 510 510 510 510 
246 179 348 25 52 179 262 268 510 510 510 510 510 510 510 510 510 510 510 510 
246 179 172 454 189 179 174 268 510 510 510 510 510 510 510 510 510 510 510 510 
246 179 235 16 427 7 26 462 510 510 510 510 510 510 510 510 510 510 510 510 
58 365 344 260 189 420 268 510 510 510 510 510 510 510 510 510 510 510 510 510 
246 179 381 58 179 310 510 510 510 510 510 510 510 510 510 510 510 510 510 510 
126 90 184 462 7 86 384 268 510 510 510 510 510 510 510 510 510 510 510 510 
246 179 51 25 18 179 226 268 510 510 510 510 510 510 510 510 510 510 510 510 
