342 374 29 168 26 313 418 101 310 313 268 164 208 313 510 510 510 510 510 510 510 510 
224 346 29 150 164 386 399 83 227 267 313 510 510 510 510 510 510 510 510 510 510 510 
418 101 59 313 277 179 313 347 67 222 29 9 313 510 510 510 510 510 510 510 510 510 
186 83 496 441 274 375 313 375 2 275 265 430 325 510 510 510 510 510 510 510 510 510 
318 387 43 496 492 313 442 101 478 313 318 9 2 275 265 94 510 510 510 510 510 510 
4 341 313 164 97 348 325 442 510 510 510 510 510 510 510 510 510 510 510 510 510 510 
510 510 510 510 510 510 510 510 510 510 510 510 510 510 510 510 510 510 510 510 510 510 
17 313 474 101 125 279 72 209 40 255 19 313 510 510 510 510 510 510 510 510 510 510 
164 61 200 117 111 493 156 172 374 40 81 325 510 510 510 510 510 510 510 510 510 510 
258 101 331 40 145 238 337 114 101 415 65 130 336 510 510 510 510 510 510 510 510 510 
321 275 271 203 83 287 373 426 40 488 486 510 510 510 510 510 510 510 510 510 510 510 
426 40 92 164 134 460 214 40 364 326 486 510 510 510 510 510 510 510 510 510 510 510 
7 286 426 112 325 510 510 510 510 510 510 510 510 510 510 510 510 510 510 510 510 510 
510 510 510 510 510 510 510 510 510 510 510 510 510 510 510 510 510 510 510 510 510 510 
164 40 354 313 402 313 201 377 83 61 165 244 510 510 510 510 510 510 510 510 510 510 
476 311 210 226 77 84 87 157 266 58 238 510 510 510 510 510 510 510 510 510 510 510 
352 424 90 313 130 384 40 445 83 275 45 313 101 338 343 313 510 510 510 510 510 510 
318 387 43 496 492 379 495 2 275 265 94 510 510 510 510 510 510 510 510 510 510 510 
496 133 492 379 495 2 275 265 430 238 337 510 510 510 510 510 510 510 510 510 510 510 
341 279 43 313 164 97 348 325 442 510 510 510 510 510 510 510 510 510 510 510 510 510 
510 510 510 510 510 510 510 510 510 510 510 510 510 510 510 510 510 510 510 510 510 510 
178 275 143 262 108 238 391 419 413 99 313 510 510 510 510 510 510 510 510 510 510 510 
318 163 313 442 34 101 313 318 261 246 313 322 8 355 101 447 238 510 510 510 510 510 
32 40 105 43 101 72 179 313 164 352 274 446 222 375 313 510 510 510 510 510 510 510 
164 352 276 446 222 9 313 9 2 275 265 430 313 510 510 510 510 510 510 510 510 510 
424 101 370 72 218 101 144 446 442 337 286 101 327 358 40 430 238 337 510 510 510 510 
46 67 313 164 97 348 325 510 510 510 510 510 510 510 510 510 510 510 510 510 510 510 
510 510 510 510 510 510 510 510 510 510 510 510 510 510 510 510 510 510 510 510 510 510 
146 234 424 46 438 313 135 101 338 67 454 313 220 313 510 510 510 510 510 510 510 510 
80 313 103 10 413 260 196 489 130 317 58 238 510 510 510 510 510 510 510 510 510 510 
32 40 106 72 1 313 164 40 382 473 413 169 313 510 510 510 510 510 510 510 510 510 
164 40 4 0 67 305 72 40 189 0 313 318 121 185 442 510 510 510 510 510 510 510 
341 101 189 313 164 427 250 443 85 40 0 313 318 121 231 318 337 510 510 510 510 510 
372 341 313 164 97 348 325 510 510 510 510 510 510 510 510 510 510 510 510 510 510 510 
510 510 510 510 510 510 510 510 510 510 510 510 510 510 510 510 510 510 510 510 510 510 
85 234 40 265 230 313 96 275 143 440 226 434 313 510 510 510 510 510 510 510 510 510 
497 242 101 144 29 9 449 11 221 58 325 510 510 510 510 510 510 510 510 510 510 510 
318 239 313 442 34 101 313 318 239 424 43 175 2 275 31 263 195 510 510 510 510 510 
300 226 140 313 419 313 73 505 43 313 164 341 302 423 510 510 510 510 510 510 510 510 
300 275 45 113 384 29 202 164 341 302 333 238 337 510 510 510 510 510 510 510 510 510 
387 43 40 127 164 97 348 231 442 510 510 510 510 510 510 510 510 510 510 510 510 510 
510 510 510 510 510 510 510 510 510 510 510 510 510 510 510 510 510 510 510 510 510 510 
3 286 101 124 40 49 313 199 313 77 346 29 284 164 104 313 510 510 510 510 510 510 
209 67 457 29 248 307 83 40 329 503 83 490 238 510 510 510 510 510 510 510 510 510 
506 40 192 357 161 116 238 506 29 334 229 261 448 116 238 510 510 510 510 510 510 510 
32 313 77 93 83 359 261 136 313 33 477 275 265 94 510 510 510 510 510 510 510 510 
33 374 29 122 83 155 193 477 275 265 94 510 510 510 510 510 510 510 510 510 510 510 
33 313 164 481 313 164 97 348 325 510 510 510 510 510 510 510 510 510 510 510 510 510 
510 510 510 510 510 510 510 510 510 510 510 510 510 510 510 510 510 510 510 510 510 510 
419 341 398 480 451 275 402 254 234 367 313 510 510 510 510 510 510 510 510 510 510 510 
13 40 421 164 194 501 83 40 41 279 394 325 510 510 510 510 510 510 510 510 510 510 
318 154 98 299 113 256 164 232 313 290 313 442 101 34 313 318 176 218 413 141 313 510 
149 251 164 237 307 408 321 40 455 50 510 510 510 510 510 510 510 510 510 510 510 510 
365 226 73 98 500 326 43 110 40 166 264 508 78 231 442 510 510 510 510 510 510 510 
272 40 307 313 318 181 325 442 510 510 510 510 510 510 510 510 510 510 510 510 510 510 
27 101 330 341 102 240 130 190 485 352 298 313 510 510 510 510 510 510 510 510 510 510 
154 156 180 107 397 107 142 499 238 510 510 510 510 510 510 510 510 510 510 510 510 510 
426 247 428 506 128 44 424 413 433 494 69 510 510 510 510 510 510 510 510 510 510 510 
196 295 72 315 77 76 480 477 335 265 94 510 510 510 510 510 510 510 510 510 510 510 
480 261 147 374 40 381 122 477 335 265 430 313 510 510 510 510 510 510 510 510 510 510 
77 388 326 186 318 181 325 442 510 510 510 510 510 510 510 510 510 510 510 510 510 510 
32 40 307 313 498 403 110 40 291 122 313 376 4 510 510 510 510 510 510 510 510 510 
424 441 0 313 186 320 335 143 209 424 441 0 116 219 288 325 510 510 510 510 510 510 
97 366 419 116 89 506 29 389 419 116 469 510 510 510 510 510 510 510 510 510 510 510 
324 101 158 348 221 478 313 318 444 63 79 401 75 510 510 510 510 510 510 510 510 510 
110 40 145 116 475 74 226 313 186 275 12 79 401 58 325 442 510 510 510 510 510 510 
419 40 480 34 313 318 181 325 442 510 510 510 510 510 510 510 510 510 510 510 510 510 
491 2 40 382 453 13 207 352 18 305 313 510 510 510 510 510 510 510 510 510 510 510 
318 197 313 442 34 101 313 318 73 279 278 43 156 4 173 164 468 313 510 510 510 510 
470 321 496 392 131 214 183 225 510 510 510 510 510 510 510 510 510 510 510 510 510 510 
137 471 164 137 16 324 335 472 441 86 115 510 510 510 510 510 510 510 510 510 510 510 
324 40 482 83 335 171 424 39 86 499 510 510 510 510 510 510 510 510 510 510 510 510 
83 235 181 467 325 442 510 510 510 510 510 510 510 510 510 510 510 510 510 510 510 510 
32 40 307 384 451 96 275 254 234 367 313 510 510 510 510 510 510 510 510 510 510 510 
361 101 223 29 309 216 209 405 83 480 313 164 122 164 430 238 510 510 510 510 510 510 
419 374 40 411 466 313 101 95 35 130 120 510 510 510 510 510 510 510 510 510 510 510 
254 417 254 313 456 73 341 465 480 83 436 510 510 510 510 510 510 510 510 510 510 510 
73 341 251 313 102 313 149 313 507 164 465 480 83 490 510 510 510 510 510 510 510 510 
205 209 380 318 181 325 442 510 510 510 510 510 510 510 510 510 510 510 510 510 510 510 
341 101 481 70 209 253 313 32 413 393 349 510 510 510 510 510 510 510 510 510 510 510 
130 40 240 162 369 198 90 350 234 275 281 264 297 238 510 510 510 510 510 510 510 510 
341 164 348 101 481 167 313 77 275 351 2 285 461 510 510 510 510 510 510 510 510 510 
110 40 378 264 411 425 424 40 100 306 462 313 510 510 510 510 510 510 510 510 510 510 
32 162 411 212 425 77 40 100 160 462 313 510 510 510 510 510 510 510 510 510 510 510 
55 292 228 313 17 313 181 231 510 510 510 510 510 510 510 510 510 510 510 510 510 510 
419 504 40 62 262 118 313 64 321 427 138 362 510 510 510 510 510 510 510 510 510 510 
356 13 409 162 20 304 110 40 301 81 325 510 510 510 510 510 510 510 510 510 510 510 
318 383 313 442 101 414 313 318 98 82 487 314 42 13 126 364 116 487 245 60 510 510 
368 119 164 53 313 321 98 23 83 121 231 510 510 510 510 510 510 510 510 510 510 510 
15 313 360 15 341 458 53 164 204 341 488 121 231 442 510 510 510 510 510 510 510 510 
272 40 307 313 318 181 325 442 510 510 510 510 510 510 510 510 510 510 510 510 510 510 
318 152 231 442 34 101 313 318 252 83 282 231 337 152 384 313 320 480 261 422 231 337 
323 339 245 313 261 323 395 5 60 286 184 313 510 510 510 510 510 510 510 510 510 510 
463 295 96 25 313 110 341 344 57 30 510 510 510 510 510 510 510 510 510 510 510 510 
110 341 91 13 283 270 365 226 322 313 101 452 510 510 510 510 510 510 510 510 510 510 
43 109 43 67 332 209 153 185 337 365 311 365 226 313 101 447 231 442 510 510 510 510 
272 40 307 313 318 181 325 442 510 510 510 510 510 510 510 510 510 510 510 510 510 510 
318 152 231 442 34 101 313 318 252 83 282 231 337 152 384 313 320 480 261 422 231 510 
13 424 51 424 450 477 303 13 424 82 247 340 66 510 510 510 510 510 510 510 510 510 
365 341 143 77 373 48 320 313 440 40 390 151 313 510 510 510 510 510 510 510 510 510 
279 292 296 29 215 460 214 40 364 326 486 510 510 510 510 510 510 510 510 510 510 510 
296 29 92 164 134 460 214 40 364 326 121 325 442 510 510 510 510 510 510 510 510 510 
272 40 307 313 318 181 325 442 510 510 510 510 510 510 510 510 510 510 510 510 510 510 
318 113 424 0 293 273 209 174 313 480 261 437 313 442 101 412 313 385 510 510 510 510 
318 404 60 85 234 40 395 164 40 166 264 508 78 231 510 510 510 510 510 510 510 510 
74 413 182 308 186 29 169 83 424 139 98 143 487 305 231 510 510 510 510 510 510 510 
74 275 213 1 231 337 432 40 122 477 275 430 231 510 510 510 510 510 510 510 510 510 
407 98 312 321 416 275 45 313 164 407 98 187 321 38 275 430 231 442 510 510 510 510 
272 40 307 313 318 181 325 442 510 510 510 510 510 510 510 510 510 510 510 510 510 510 
164 40 307 313 157 177 313 384 43 498 313 384 43 498 510 510 510 510 510 510 510 510 
110 40 400 122 83 155 193 477 275 265 430 238 510 510 510 510 510 510 510 510 510 510 
164 335 198 79 96 40 54 83 29 47 264 424 43 103 313 510 510 510 510 510 510 510 
164 40 100 462 236 410 88 335 188 110 40 81 238 510 510 510 510 510 510 510 510 510 
164 275 143 321 416 424 188 424 280 217 110 40 81 292 113 429 181 231 510 510 510 510 
321 6 264 431 101 79 506 479 510 510 510 510 510 510 510 510 510 510 510 510 510 510 
186 68 483 459 101 79 506 24 510 510 510 510 510 510 510 510 510 510 510 510 510 510 
186 68 509 459 101 159 506 289 510 510 510 510 510 510 510 510 510 510 510 510 510 510 
275 484 321 29 259 345 459 510 510 510 510 510 510 510 510 510 510 510 510 510 510 510 
321 40 249 464 101 79 506 37 510 510 510 510 510 510 510 510 510 510 510 510 510 510 
275 373 459 101 159 506 435 510 510 510 510 510 510 510 510 510 510 510 510 510 510 510 
275 45 130 363 2 40 249 170 459 510 510 510 510 510 510 510 510 510 510 510 510 510 
164 96 101 371 28 459 101 371 28 243 459 510 510 510 510 510 510 510 510 510 510 510 
419 459 209 275 6 459 209 40 319 510 510 510 510 510 510 510 510 510 510 510 510 510 
83 29 396 353 129 459 72 294 510 510 510 510 510 510 510 510 510 510 510 510 510 510 
321 211 71 83 502 164 269 510 510 510 510 510 510 510 510 510 510 510 510 510 510 510 
40 302 22 257 226 384 459 510 510 510 510 510 510 510 510 510 510 510 510 510 510 510 
321 40 36 313 261 40 241 459 510 510 510 510 510 510 510 510 510 510 510 510 510 510 
321 40 420 14 83 40 123 459 510 510 510 510 510 510 510 510 510 510 510 510 510 510 
321 40 233 424 439 226 191 28 510 510 510 510 510 510 510 510 510 510 510 510 510 510 
209 156 406 316 83 148 459 510 510 510 510 510 510 510 510 510 510 510 510 510 510 510 
321 40 21 209 40 206 510 510 510 510 510 510 510 510 510 510 510 510 510 510 510 510 
186 279 328 28 226 52 13 459 510 510 510 510 510 510 510 510 510 510 510 510 510 510 
321 40 56 313 164 40 132 459 510 510 510 510 510 510 510 510 510 510 510 510 510 510 
